 310 703 577 864 487 997 684 111 757 369 538 230 843 881 300 368 852
О: 622 299 945 579 826 321 888 762 906
А: 489 356 688 313 190 253 207
Н: 262 730 925 560 960 571
И: 116 691 204 101 337 534
І: 825 886 194 114 689
Т: 612 148 904 123 756
В: 403 205 353 513 956
Р: 581 296 939 354
С: 800 957 665 749
У: 120 466 790 690
Л: 372 386 469
Д: 211 304 281
К: 578 823 712
М: 810 912 286
П: 836 787
Ь: 921 816
Я: 124 636
З: 898 840
Ч: 265
Б: 504
Е: 479
Г: 477
Х: 275
Ш: 502
Ж: 238
Є: 200
Й: 505
Ї: 455
Ц: 995
Ю: 454
Ф: 348
Щ: 432
